0 0.9258 0.6431 0.1719 0.4722
0 0.7705 0.6025 0.1250 0.5215
0 0.6504 0.4944 0.1133 0.4865
0 0.4673 0.4777 0.1104 0.4626
0 0.5771 0.4165 0.1250 0.5056
0 0.3940 0.4475 0.1279 0.4944
0 0.2725 0.5056 0.1270 0.4769
0 0.1577 0.3887 0.1338 0.4881
0 0.2451 0.3847 0.1094 0.4261
0 0.0439 0.4889 0.2129 0.5135
0 0.3657 0.3720 0.1182 0.5564
0 0.3745 0.1709 0.0811 0.3577
0 0.4854 0.2838 0.1133 0.4531
0 0.5469 0.1900 0.0840 0.4213
0 0.6934 0.3466 0.1211 0.5215
0 0.8203 0.4149 0.1191 0.4928
0 0.9844 0.3045 0.1367 0.4754
0 0.9097 0.2186 0.1357 0.4754
0 0.8579 0.1526 0.0596 0.3561
0 0.8130 0.1701 0.0732 0.4038
0 0.7251 0.2027 0.0713 0.4531
0 0.6611 0.2925 0.1016 0.4674
0 0.6514 0.2289 0.0918 0.4324
0 0.5376 0.0811 0.0850 0.3879

