0 0.1155 0.5322 0.1190 0.4348
0 0.2090 0.5232 0.0960 0.4108
0 0.2775 0.5367 0.0990 0.3838
0 0.3565 0.5337 0.0970 0.4048
0 0.3955 0.5105 0.0830 0.4033
0 0.4755 0.5097 0.0890 0.4048
0 0.5620 0.5240 0.0820 0.3643
0 0.6445 0.5255 0.0830 0.3973
0 0.7225 0.5277 0.0890 0.4108
0 0.8030 0.5352 0.0840 0.4018
0 0.8370 0.5682 0.1000 0.4468
0 0.9215 0.5810 0.1070 0.4363
0 0.7445 0.5652 0.0870 0.3988
0 0.8355 0.6934 0.1290 0.3403
0 0.7500 0.6732 0.1140 0.3418
0 0.3070 0.6492 0.1240 0.3148
0 0.2530 0.6034 0.1040 0.3103
0 0.1975 0.6634 0.1250 0.2984
0 0.1105 0.6394 0.1490 0.3403

